The tour length found is = 1878.90830609202
1 63 48 41 29 36 98 88 20 25 12 32 66 8 73 75 46 93 2 30 9 55 64 15 84 33 86 13 52 18 10 85 57 4 19 97 54 72 11 28 60 27 74 96 92 81 21 47 5 76 6 95 69 83 68 31 49 23 14 91 51 56 7 82 53 45 80 62 71 77 37 58 78 89 67 40 94 3 90 44 42 35 87 43 50 70 61 79 17 59 99 65 0 38 39 24 34 16 26 22 
......................................................................................................................................
The tour length found is = 1875.90623852611
1 63 48 54 29 36 98 41 97 57 4 19 85 10 18 13 52 86 33 84 15 64 55 9 30 61 70 50 79 87 43 77 71 62 80 45 53 7 56 91 51 14 23 49 82 31 68 83 69 95 6 76 5 47 21 81 39 24 34 92 96 74 27 60 72 11 28 22 16 26 0 38 65 44 42 90 89 67 40 94 3 35 78 58 37 59 17 99 2 93 12 32 66 46 8 73 75 25 20 88 
......................................................................................................................................
The tour length found is = 1837.84066006541
1 63 48 54 10 85 18 57 4 19 0 38 81 92 96 74 27 60 34 24 39 21 47 5 76 6 95 69 83 68 31 49 23 14 91 51 56 7 82 53 45 80 62 44 90 42 89 67 40 94 3 65 52 13 86 33 84 15 64 55 9 30 70 50 61 79 87 43 37 58 78 35 77 71 17 59 99 93 2 12 32 66 8 73 75 46 20 25 88 29 98 36 41 22 72 11 28 16 26 97 
......................................................................................................................................
The tour length found is = 1835.99995753169
1 63 48 54 97 57 4 19 85 10 18 13 52 86 33 84 15 64 55 9 30 93 2 12 66 32 8 73 46 75 88 20 25 70 50 61 79 87 43 37 58 77 71 62 80 45 53 7 56 91 51 14 23 49 31 68 83 69 95 6 76 5 47 21 81 39 24 92 96 74 27 60 34 28 11 72 22 16 26 38 0 65 82 3 94 40 67 89 90 42 44 78 35 17 59 99 29 36 98 41 
......................................................................................................................................
The final tour length found is = 1835.99995753169
Path of the tour is :
1 63 48 54 97 57 4 19 85 10 18 13 52 86 33 84 15 64 55 9 30 93 2 12 66 32 8 73 46 75 88 20 25 70 50 61 79 87 43 37 58 77 71 62 80 45 53 7 56 91 51 14 23 49 31 68 83 69 95 6 76 5 47 21 81 39 24 92 96 74 27 60 34 28 11 72 22 16 26 38 0 65 82 3 94 40 67 89 90 42 44 78 35 17 59 99 29 36 98 41 

